14.0;
43.0;
72.0;
101.0;
130.0;
159.0;
188.0;
217.0;
246.0;
275.0;
304.0;
333.0;
362.0;
391.0;
420.0;
449.0;
478.0;
507.0;
536.0;
565.0;
592.0;
612.0;
627.0;
642.0;
657.0;
672.0;
687.0;
702.0;
717.0;
732.0;
747.0;
762.0;
777.0;
792.0;
807.0;
822.0;
837.0;
852.0;
867.0;
882.0;
897.0;
912.0;
927.0;
942.0;
957.0;
972.0;
987.0;
1002.0;
1017.0;
1032.0;
1047.0;
1062.0;
1077.0;
1092.0;
1107.0;
1122.0;
1137.0;
1152.0;
1167.0;
1182.0;
1197.0;
1212.0;
1227.0;
1242.0;
1257.0;
1272.0;
1287.0;
1302.0;
1317.0;
1332.0;
1347.0;
1362.0;
1377.0;
1392.0;
1407.0;
1422.0;
1437.0;
1452.0;
1467.0;
1482.0;
1497.0;
1512.0;
1527.0;
1542.0;
1557.0;
1572.0;
1587.0;
1602.0;
1617.0;
1632.0;
1647.0;
1662.0;
1677.0;
1692.0;
1707.0;
1722.0;
1737.0;
1752.0;
1767.0;
1782.0;
